Category: All categories

Week,Homeschooling: (Mexico)
2019-09-01,14
2019-09-08,17
2019-09-15,16
2019-09-22,13
2019-09-29,15
2019-10-06,12
2019-10-13,11
2019-10-20,12
2019-10-27,11
2019-11-03,14
2019-11-10,14
2019-11-17,8
2019-11-24,10
2019-12-01,9
2019-12-08,15
2019-12-15,16
2019-12-22,8
2019-12-29,8
2020-01-05,21
2020-01-12,13
2020-01-19,11
2020-01-26,14
2020-02-02,12
2020-02-09,15
2020-02-16,11
2020-02-23,14
2020-03-01,12
2020-03-08,18
2020-03-15,54
2020-03-22,51
2020-03-29,59
2020-04-05,30
2020-04-12,31
2020-04-19,100
2020-04-26,45
2020-05-03,48
2020-05-10,39
2020-05-17,31
2020-05-24,40
2020-05-31,48
2020-06-07,39
2020-06-14,37
2020-06-21,28
2020-06-28,42
2020-07-05,44
2020-07-12,46
2020-07-19,49
2020-07-26,58
2020-08-02,72
2020-08-09,62
2020-08-16,65
2020-08-23,55
